1111111111111111111111111111
1222222222222112222222222221
1211112111112112111112111121
1311112111112112111112111131
1211112111112112111112111121
1222222222222222222222222221
1211112112111111112112111121
1211112112111111112112111121
1222222112222112222112222221
1111112111110110111112111111
1111112111110110111112111111
1111112110000000000112111111
1111112110115555110112111111
1111112110115555110112111111
4000002000110000110002000004
1111112110111111110112111111
1111112110111111110112111111
1111112110000000000112111111
1111112110111111110112111111
1111112110111111110112111111
1222222222222112222222222221
1211112111112112111112111121
1211112111112112111112111121
1322112222222002222222112231
1112112112111111112112112111
1112112112111111112112112111
1222222112222112222112222221
1211111111112112111111111121
1211111111112112111111111121
1222222222222222222222222221
1111111111111111111111111111
0000000000000000000000000000
0000000000000000000000000000